xof 0303txt 0032

template XSkinMeshHeader {
  <3cf169ce-ff7c-44ab-93c0-f78f62d172e2>
  WORD nMaxSkinWeightsPerVertex;
  WORD nMaxSkinWeightsPerFace;
  WORD nBones;
}

template SkinWeights {
  <6f0d123b-bad2-4167-a0d0-80224f25fabb>
  STRING transformNodeName;
  DWORD nWeights;
  array DWORD vertexIndices[nWeights];
  array float weights[nWeights];
  Matrix4x4 matrixOffset;
}

Frame Root {
  FrameTransformMatrix {
     1.000000, 0.000000, 0.000000, 0.000000,
     0.000000,-0.000000,-1.000000, 0.000000,
     0.000000, 1.000000,-0.000000, 0.000000,
     0.000000, 0.000000, 0.000000, 1.000000;;
  }
  Frame SKELETON {
    FrameTransformMatrix {
      -0.000000, 1.000000,-0.000000, 0.000000,
       0.000000, 0.000000, 1.000000, 0.000000,
       1.000000, 0.000000,-0.000000, 0.000000,
       0.002304, 0.258965, 3.022660, 1.000000;;
    }
    Frame SKELETON_origin {
      FrameTransformMatrix {
         0.000685, 1.000000,-0.000000, 0.000000,
        -1.000000, 0.000685,-0.000000, 0.000000,
        -0.000000, 0.000000, 1.000000, 0.000000,
        -0.257322,-3.023264,-0.002304, 1.000000;;
      }
      Frame SKELETON_sheath {
        FrameTransformMatrix {
          -0.555461, 0.827731, 0.079523, 0.000000,
          -0.819352,-0.561125, 0.117478, 0.000000,
           0.141862, 0.000097, 0.989887, 0.000000,
           3.170632, 0.321530, 1.100481, 1.000000;;
        }
        Frame SKELETON_sword {
          FrameTransformMatrix {
             0.999993, 0.003353, 0.001641, 0.000000,
            -0.003357, 0.999992, 0.002404, 0.000000,
            -0.001633,-0.002410, 0.999996, 0.000000,
             0.000386,-1.102682, 0.010090, 1.000000;;
          }
        } //End of SKELETON_sword
      } //End of SKELETON_sheath
      Frame SKELETON_pubis {
        FrameTransformMatrix {
          -0.127220,-0.991875,-0.000000, 0.000000,
           0.991875,-0.127220, 0.000000, 0.000000,
          -0.000000,-0.000000, 1.000000, 0.000000,
           2.615202,-0.203009, 0.001408, 1.000000;;
        }
        Frame SKELETON_pelvis {
          FrameTransformMatrix {
             0.962451, 0.271454, 0.000166, 0.000000,
            -0.271454, 0.962451, 0.001123, 0.000000,
             0.000145,-0.001126, 0.999999, 0.000000,
             0.000000, 0.413058,-0.000000, 1.000000;;
          }
          Frame SKELETON_spine {
            FrameTransformMatrix {
               0.989265,-0.146137, 0.000000, 0.000000,
               0.146137, 0.989264,-0.001136, 0.000000,
               0.000166, 0.001123, 0.999999, 0.000000,
              -0.000000, 0.797754, 0.000000, 1.000000;;
            }
            Frame SKELETON_neck {
              FrameTransformMatrix {
                 0.752652, 0.658419, 0.000001, 0.000000,
                -0.658419, 0.752652, 0.000001, 0.000000,
                 0.000001,-0.000001, 1.000000, 0.000000,
                -0.000000, 1.348759,-0.000000, 1.000000;;
              }
              Frame SKELETON_head {
                FrameTransformMatrix {
                   0.674364, 0.738398, 0.000019, 0.000000,
                  -0.738399, 0.674364, 0.000000, 0.000000,
                  -0.000013,-0.000015, 1.000000, 0.000000,
                  -0.000000, 0.494396, 0.000000, 1.000000;;
                }
              } //End of SKELETON_head
            } //End of SKELETON_neck
            Frame SKELETON_upperarm_L {
              FrameTransformMatrix {
                 0.999635, 0.000009,-0.027017, 0.000000,
                -0.027017, 0.000003,-0.999635, 0.000000,
                -0.000009, 1.000000, 0.000004, 0.000000,
                 0.302276, 1.046418,-0.802278, 1.000000;;
              }
              Frame SKELETON_forearm_L {
                FrameTransformMatrix {
                   0.996212, 0.086956,-0.000000, 0.000000,
                  -0.086956, 0.996212, 0.000000, 0.000000,
                   0.000000,-0.000000, 1.000000, 0.000000,
                   0.000000, 1.291086,-0.000000, 1.000000;;
                }
                Frame SKELETON_wrist_L {
                  FrameTransformMatrix {
                     0.992421,-0.122883, 0.000250, 0.000000,
                     0.122844, 0.992049,-0.027347, 0.000000,
                     0.003113, 0.027170, 0.999626, 0.000000,
                    -0.003125, 1.119358, 0.001037, 1.000000;;
                  }
                  Frame SKELETON_thumb_L {
                    FrameTransformMatrix {
                       0.767314, 0.597208,-0.233607, 0.000000,
                      -0.641263, 0.712675,-0.284386, 0.000000,
                      -0.003352, 0.368017, 0.929813, 0.000000,
                       0.005460, 0.001846,-0.001514, 1.000000;;
                    }
                    Frame SKELETON_thm_end_L {
                      FrameTransformMatrix {
                         0.928806,-0.370566,-0.000001, 0.000000,
                         0.370566, 0.928806, 0.000001, 0.000000,
                         0.000000,-0.000001, 1.000000, 0.000000,
                        -0.000000, 0.396852,-0.000000, 1.000000;;
                      }
                    } //End of SKELETON_thm_end_L
                  } //End of SKELETON_thumb_L
                  Frame SKELETON_fingers_L {
                    FrameTransformMatrix {
                       0.999475, 0.031301, 0.008365, 0.000000,
                      -0.028897, 0.977967,-0.206750, 0.000000,
                      -0.014652, 0.206400, 0.978358, 0.000000,
                      -0.000000, 0.534864,-0.000000, 1.000000;;
                    }
                    Frame SKELETON_fingerstip_L {
                      FrameTransformMatrix {
                         0.999719,-0.019984,-0.012771, 0.000000,
                         0.022413, 0.972170, 0.233204, 0.000000,
                         0.007755,-0.233424, 0.972344, 0.000000,
                        -0.000000, 0.243855, 0.000000, 1.000000;;
                      }
                    } //End of SKELETON_fingerstip_L
                    Frame SKELETON_lamp {
                      FrameTransformMatrix {
                        -0.999719, 0.019985, 0.012771, 0.000000,
                        -0.007755, 0.233424,-0.972344, 0.000000,
                        -0.022413,-0.972170,-0.233203, 0.000000,
                        -0.898745, 0.299054,-0.139824, 1.000000;;
                      }
                    } //End of SKELETON_lamp
                  } //End of SKELETON_fingers_L
                } //End of SKELETON_wrist_L
              } //End of SKELETON_forearm_L
            } //End of SKELETON_upperarm_L
            Frame SKELETON_upperarm_R {
              FrameTransformMatrix {
                 0.999396, 0.000009, 0.034762, 0.000000,
                -0.034762, 0.000003, 0.999396, 0.000000,
                 0.000009,-1.000000, 0.000004, 0.000000,
                 0.313903, 1.046415, 0.790650, 1.000000;;
              }
              Frame SKELETON_forearm_R {
                FrameTransformMatrix {
                   0.996560, 0.082869,-0.000001, 0.000000,
                  -0.082869, 0.996560, 0.000000, 0.000000,
                   0.000001,-0.000000, 1.000000, 0.000000,
                   0.000000, 1.337927,-0.000000, 1.000000;;
                }
                Frame SKELETON_wrist_R {
                  FrameTransformMatrix {
                     0.993078,-0.117461, 0.000001, 0.000000,
                     0.117303, 0.991743, 0.051818, 0.000000,
                    -0.006087,-0.051459, 0.998657, 0.000000,
                     0.002822, 1.099136, 0.002089, 1.000000;;
                  }
                  Frame SKELETON_thumb_R {
                    FrameTransformMatrix {
                       0.759659, 0.602598, 0.244526, 0.000000,
                      -0.650321, 0.703914, 0.285634, 0.000000,
                      -0.000003,-0.376005, 0.926618, 0.000000,
                       0.000000,-0.012517,-0.006654, 1.000000;;
                    }
                    Frame SKELETON_thm_end_R {
                      FrameTransformMatrix {
                         0.896179,-0.443692,-0.000003, 0.000000,
                         0.443692, 0.896179,-0.000002, 0.000000,
                         0.000004, 0.000000, 1.000000, 0.000000,
                         0.000000, 0.422410, 0.000000, 1.000000;;
                      }
                    } //End of SKELETON_thm_end_R
                  } //End of SKELETON_thumb_R
                  Frame SKELETON_fingers_R {
                    FrameTransformMatrix {
                       1.000000, 0.000002,-0.000001, 0.000000,
                      -0.000002, 0.996385, 0.084954, 0.000000,
                       0.000001,-0.084954, 0.996385, 0.000000,
                      -0.000000, 0.516058,-0.000000, 1.000000;;
                    }
                    Frame SKELETON_fingerstip_R {
                      FrameTransformMatrix {
                         1.000000,-0.000002, 0.000001, 0.000000,
                         0.000002, 0.990644,-0.136469, 0.000000,
                        -0.000001, 0.136469, 0.990644, 0.000000,
                        -0.000000, 0.249386, 0.000000, 1.000000;;
                      }
                    } //End of SKELETON_fingerstip_R
                  } //End of SKELETON_fingers_R
                } //End of SKELETON_wrist_R
              } //End of SKELETON_forearm_R
            } //End of SKELETON_upperarm_R
          } //End of SKELETON_spine
        } //End of SKELETON_pelvis
        Frame SKELETON_thigh_R {
          FrameTransformMatrix {
            -0.999232,-0.039190,-0.000000, 0.000000,
             0.039190,-0.999232, 0.000002, 0.000000,
            -0.000000, 0.000002, 1.000000, 0.000000,
            -0.126968, 0.395209, 0.524121, 1.000000;;
          }
          Frame SKELETON_shin_R {
            FrameTransformMatrix {
               0.982399, 0.186796,-0.000000, 0.000000,
              -0.186796, 0.982399,-0.000000, 0.000000,
              -0.000000, 0.000000, 1.000000, 0.000000,
              -0.000000, 1.307434, 0.000000, 1.000000;;
            }
            Frame SKELETON_ankle_R {
              FrameTransformMatrix {
                 0.454600,-0.890696, 0.000001, 0.000000,
                 0.890696, 0.454600,-0.000001, 0.000000,
                 0.000000, 0.000002, 1.000000, 0.000000,
                -0.003538, 1.414886, 0.000000, 1.000000;;
              }
              Frame SKELETON_toe_R {
                FrameTransformMatrix {
                   0.868888,-0.495009,-0.000003, 0.000000,
                   0.495009, 0.868888, 0.000000, 0.000000,
                   0.000003,-0.000002, 1.000000, 0.000000,
                   0.000000, 0.409731, 0.000000, 1.000000;;
                }
                Frame SKELETON_tiptoe_R {
                  FrameTransformMatrix {
                     0.998598,-0.052925, 0.000003, 0.000000,
                     0.052925, 0.998598,-0.000000, 0.000000,
                    -0.000003, 0.000000, 1.000000, 0.000000,
                    -0.000000, 0.342530, 0.000000, 1.000000;;
                  }
                } //End of SKELETON_tiptoe_R
              } //End of SKELETON_toe_R
            } //End of SKELETON_ankle_R
          } //End of SKELETON_shin_R
        } //End of SKELETON_thigh_R
        Frame SKELETON_thigh_L {
          FrameTransformMatrix {
            -0.999232,-0.039190,-0.000000, 0.000000,
             0.039190,-0.999232, 0.000002, 0.000000,
            -0.000000, 0.000002, 1.000000, 0.000000,
            -0.126967, 0.395209,-0.522328, 1.000000;;
          }
          Frame SKELETON_shin_L {
            FrameTransformMatrix {
               0.982397, 0.186803,-0.000000, 0.000000,
              -0.186803, 0.982397,-0.000000, 0.000000,
              -0.000000, 0.000000, 1.000000, 0.000000,
              -0.000000, 1.307437, 0.000000, 1.000000;;
            }
            Frame SKELETON_ankle_L {
              FrameTransformMatrix {
                 0.454611,-0.890690, 0.000001, 0.000000,
                 0.890690, 0.454611,-0.000001, 0.000000,
                 0.000000, 0.000002, 1.000000, 0.000000,
                -0.003538, 1.414888, 0.001253, 1.000000;;
              }
              Frame SKELETON_toe_L {
                FrameTransformMatrix {
                   0.868895,-0.494997,-0.000003, 0.000000,
                   0.494997, 0.868895, 0.000000, 0.000000,
                   0.000003,-0.000002, 1.000000, 0.000000,
                   0.000000, 0.409729, 0.000000, 1.000000;;
                }
                Frame SKELETON_tiptoe_L {
                  FrameTransformMatrix {
                     0.998597,-0.052946, 0.000003, 0.000000,
                     0.052946, 0.998597,-0.000000, 0.000000,
                    -0.000003, 0.000000, 1.000000, 0.000000,
                    -0.000000, 0.342530,-0.000000, 1.000000;;
                  }
                } //End of SKELETON_tiptoe_L
              } //End of SKELETON_toe_L
            } //End of SKELETON_ankle_L
          } //End of SKELETON_shin_L
        } //End of SKELETON_thigh_L
      } //End of SKELETON_pubis
    } //End of SKELETON_origin
    Frame Body {
      FrameTransformMatrix {
         0.000000,-0.000000, 0.100000, 0.000000,
         0.000000, 0.100000, 0.000000, 0.000000,
        -0.100000, 0.000000, 0.000000, 0.000000,
        -0.200013, 0.338285,-0.002302, 1.000000;;
      }
      Mesh { //Body_001 Mesh
        1876;
        -0.000002;12.628887;-7.013323;,
         4.219998;17.328888;-5.717763;,
         4.449998;12.428890;-7.027764;,
        -0.000002;12.628887;-7.013323;,
        -0.000002;17.428894;-5.266645;,
         4.219998;17.328888;-5.717763;,
        -0.000002;12.628887;-7.013323;,
        -4.220002;17.328888;-5.717763;,
        -0.000002;17.428894;-5.266645;,
        -0.000002;12.628887;-7.013323;,
        -4.450002;12.428890;-7.027764;,
        -4.220002;17.328888;-5.717763;,
         4.059998;19.928894;-1.379999;,
         7.742356;17.317184;-4.671086;,
         4.219998;17.328888;-5.717763;,
         4.059998;19.928894;-1.379999;,
         8.972356;18.617184;-1.989999;,
         7.742356;17.317184;-4.671086;,
        -7.800267;17.320263;-4.671086;,
        -4.060002;19.928894;-1.379999;,
        -4.220002;17.328888;-5.717763;,
        -7.800267;17.320263;-4.671086;,
        -9.030266;18.620262;-1.989999;,
        -4.060002;19.928894;-1.379999;,
        -1.300002;-15.371109; 3.560001;,
        -0.000002;-11.171110; 0.650001;,
        -0.000002;-9.171112; 4.780001;,
        -0.000002;-11.171110; 0.650001;,
        -0.531002;-15.371109;-2.549999;,
        -0.000002;-9.471107;-4.439999;,
        -0.531002;-15.371109;-2.549999;,
        -0.000002;-11.171110; 0.650001;,
        -1.300002;-15.371109; 3.560001;,
        -7.720002;-4.271111; 7.140001;,
        -10.800002;-4.271109;-0.629999;,
        -10.700002;-9.471107; 0.030001;,
        -6.270002;-9.471111; 7.420001;,
        -7.720002;-4.271111; 7.140001;,
        -10.700002;-9.471107; 0.030001;,
        -5.940002;-9.471107;-5.770000;,
        -0.000002;-4.271107;-8.949999;,
        -0.000002;-9.471107;-4.439999;,
        -5.940002;-9.471107;-5.770000;,
        -6.000002;-4.271107;-6.779999;,
        -0.000002;-4.271107;-8.949999;,
        -10.700002;-9.471107; 0.030001;,
        -6.000002;-4.271107;-6.779999;,
        -5.940002;-9.471107;-5.770000;,
        -10.700002;-9.471107; 0.030001;,
        -10.800002;-4.271109;-0.629999;,
        -6.000002;-4.271107;-6.779999;,
        -6.270002;-9.471111; 7.420001;,
        -10.700002;-9.471107; 0.030001;,
        -5.810002;-15.371109; 5.110001;,
        -5.810002;-15.371109; 5.110001;,
        -10.700002;-9.471107; 0.030001;,
        -9.080002;-15.371109;-0.579999;,
        -0.000002;-9.171112; 4.780001;,
        -6.270002;-9.471111; 7.420001;,
        -1.300002;-15.371109; 3.560001;,
        -1.300002;-15.371109; 3.560001;,
        -6.270002;-9.471111; 7.420001;,
        -5.810002;-15.371109; 5.110001;,
        -5.940002;-9.471107;-5.770000;,
        -0.000002;-9.471107;-4.439999;,
        -5.330002;-15.371107;-4.179999;,
        -5.330002;-15.371107;-4.179999;,
        -0.000002;-9.471107;-4.439999;,
        -0.531002;-15.371109;-2.549999;,
        -9.080002;-15.371109;-0.579999;,
        -5.940002;-9.471107;-5.770000;,
        -5.330002;-15.371107;-4.179999;,
        -9.080002;-15.371109;-0.579999;,
        -10.700002;-9.471107; 0.030001;,
        -5.940002;-9.471107;-5.770000;,
        -5.810002;-15.371109; 5.110001;,
        -9.080002;-15.371109;-0.579999;,
        -7.750002;-17.571110;-0.299999;,
        -5.500002;-17.571110; 3.500000;,
        -5.810002;-15.371109; 5.110001;,
        -7.750002;-17.571110;-0.299999;,
        -2.000002;-17.571110; 2.419001;,
        -5.810002;-15.371109; 5.110001;,
        -5.500002;-17.571110; 3.500000;,
        -2.000002;-17.571110; 2.419001;,
        -1.300002;-15.371109; 3.560001;,
        -5.810002;-15.371109; 5.110001;,
        -1.360002;-17.571110;-1.629999;,
        -1.300002;-15.371109; 3.560001;,
        -2.000002;-17.571110; 2.419001;,
        -1.360002;-17.571110;-1.629999;,
        -0.531002;-15.371109;-2.549999;,
        -1.300002;-15.371109; 3.560001;,
        -5.080002;-17.571110;-3.249999;,
        -0.531002;-15.371109;-2.549999;,
        -1.360002;-17.571110;-1.629999;,
        -5.080002;-17.571110;-3.249999;,
        -5.330002;-15.371107;-4.179999;,
        -0.531002;-15.371109;-2.549999;,
        -9.080002;-15.371109;-0.579999;,
        -5.330002;-15.371107;-4.179999;,
        -5.080002;-17.571110;-3.249999;,
        -7.750002;-17.571110;-0.299999;,
        -9.080002;-15.371109;-0.579999;,
        -5.080002;-17.571110;-3.249999;,
        -5.520002;-19.971107; 2.809000;,
        -7.750002;-17.571110;-0.299999;,
        -7.140002;-19.971107;-0.529999;,
        -5.520002;-19.971107; 2.809000;,
        -5.500002;-17.571110; 3.500000;,
        -7.750002;-17.571110;-0.299999;,
        -2.270002;-19.971107; 2.075001;,
        -5.500002;-17.571110; 3.500000;,
        -5.520002;-19.971107; 2.809000;,
        -2.270002;-19.971107; 2.075001;,
        -2.000002;-17.571110; 2.419001;,
        -5.500002;-17.571110; 3.500000;,
        -1.830002;-19.971107;-1.969999;,
        -2.000002;-17.571110; 2.419001;,
        -2.270002;-19.971107; 2.075001;,
        -1.830002;-19.971107;-1.969999;,
        -1.360002;-17.571110;-1.629999;,
        -2.000002;-17.571110; 2.419001;,
        -4.750002;-19.971106;-3.889999;,
        -1.360002;-17.571110;-1.629999;,
        -1.830002;-19.971107;-1.969999;,
        -4.750002;-19.971106;-3.889999;,
        -5.080002;-17.571110;-3.249999;,
        -1.360002;-17.571110;-1.629999;,
        -7.140002;-19.971107;-0.529999;,
        -5.080002;-17.571110;-3.249999;,
        -4.750002;-19.971106;-3.889999;,
        -7.140002;-19.971107;-0.529999;,
        -7.750002;-17.571110;-0.299999;,
        -5.080002;-17.571110;-3.249999;,
        -0.000002;-9.171112; 4.780001;,
        -0.000002;-6.471111;10.720001;,
        -6.270002;-9.471111; 7.420001;,
        -6.270002;-9.471111; 7.420001;,
        -4.480002;-4.471111;10.170002;,
        -7.720002;-4.271111; 7.140001;,
        -4.480002;-4.471111;10.170002;,
        -6.270002;-9.471111; 7.420001;,
        -0.000002;-6.471111;10.720001;,
        -4.480002;-4.471111;10.170002;,
        -0.000002;-6.471111;10.720001;,
        -0.000002;-4.971111;11.180000;,
         1.299998;-15.371109; 3.560001;,
        -0.000002;-9.171112; 4.780001;,
        -0.000002;-11.171110; 0.650001;,
        -0.000002;-11.171110; 0.650001;,
        -0.000002;-9.471107;-4.439999;,
         0.530998;-15.371109;-2.549999;,
         0.530998;-15.371109;-2.549999;,
         1.299998;-15.371109; 3.560001;,
        -0.000002;-11.171110; 0.650001;,
         7.719998;-4.271111; 7.140001;,
        10.699998;-9.471107; 0.030001;,
        10.799998;-4.271109;-0.629999;,
         6.269998;-9.471111; 7.420001;,
        10.699998;-9.471107; 0.030001;,
         7.719998;-4.271111; 7.140001;,
         5.999998;-4.271107;-6.779999;,
         5.939998;-9.471107;-5.770000;,
        -0.000002;-4.271107;-8.949999;,
         5.939998;-9.471107;-5.770000;,
        -0.000002;-9.471107;-4.439999;,
        -0.000002;-4.271107;-8.949999;,
        10.699998;-9.471107; 0.030001;,
         5.939998;-9.471107;-5.770000;,
         5.999998;-4.271107;-6.779999;,
        10.699998;-9.471107; 0.030001;,
         5.999998;-4.271107;-6.779999;,
        10.799998;-4.271109;-0.629999;,
         6.269998;-9.471111; 7.420001;,
         5.809998;-15.371109; 5.110001;,
        10.699998;-9.471107; 0.030001;,
         5.809998;-15.371109; 5.110001;,
         9.079998;-15.371109;-0.579999;,
        10.699998;-9.471107; 0.030001;,
        -0.000002;-9.171112; 4.780001;,
         1.299998;-15.371109; 3.560001;,
         6.269998;-9.471111; 7.420001;,
         1.299998;-15.371109; 3.560001;,
         5.809998;-15.371109; 5.110001;,
         6.269998;-9.471111; 7.420001;,
         5.939998;-9.471107;-5.770000;,
         5.329998;-15.371107;-4.179999;,
        -0.000002;-9.471107;-4.439999;,
         5.329998;-15.371107;-4.179999;,
         0.530998;-15.371109;-2.549999;,
        -0.000002;-9.471107;-4.439999;,
         9.079998;-15.371109;-0.579999;,
         5.329998;-15.371107;-4.179999;,
         5.939998;-9.471107;-5.770000;,
         9.079998;-15.371109;-0.579999;,
         5.939998;-9.471107;-5.770000;,
        10.699998;-9.471107; 0.030001;,
         5.809998;-15.371109; 5.110001;,
         7.749998;-17.571110;-0.299999;,
         9.079998;-15.371109;-0.579999;,
         5.499998;-17.571110; 3.500000;,
         7.749998;-17.571110;-0.299999;,
         5.809998;-15.371109; 5.110001;,
         1.999998;-17.571110; 2.419001;,
         5.499998;-17.571110; 3.500000;,
         5.809998;-15.371109; 5.110001;,
         1.999998;-17.571110; 2.419001;,
         5.809998;-15.371109; 5.110001;,
         1.299998;-15.371109; 3.560001;,
         1.359998;-17.571110;-1.629999;,
         1.999998;-17.571110; 2.419001;,
         1.299998;-15.371109; 3.560001;,
         1.359998;-17.571110;-1.629999;,
         1.299998;-15.371109; 3.560001;,
         0.530998;-15.371109;-2.549999;,
         5.079998;-17.571110;-3.249999;,
         1.359998;-17.571110;-1.629999;,
         0.530998;-15.371109;-2.549999;,
         5.079998;-17.571110;-3.249999;,
         0.530998;-15.371109;-2.549999;,
         5.329998;-15.371107;-4.179999;,
         9.079998;-15.371109;-0.579999;,
         5.079998;-17.571110;-3.249999;,
         5.329998;-15.371107;-4.179999;,
         7.749998;-17.571110;-0.299999;,
         5.079998;-17.571110;-3.249999;,
         9.079998;-15.371109;-0.579999;,
         5.519998;-19.971107; 2.809000;,
         7.139998;-19.971107;-0.529999;,
         7.749998;-17.571110;-0.299999;,
         5.519998;-19.971107; 2.809000;,
         7.749998;-17.571110;-0.299999;,
         5.499998;-17.571110; 3.500000;,
         2.269998;-19.971107; 2.075001;,
         5.519998;-19.971107; 2.809000;,
         5.499998;-17.571110; 3.500000;,
         2.269998;-19.971107; 2.075001;,
         5.499998;-17.571110; 3.500000;,
         1.999998;-17.571110; 2.419001;,
         1.829998;-19.971107;-1.969999;,
         2.269998;-19.971107; 2.075001;,
         1.999998;-17.571110; 2.419001;,
         1.829998;-19.971107;-1.969999;,
         1.999998;-17.571110; 2.419001;,
         1.359998;-17.571110;-1.629999;,
         4.749998;-19.971106;-3.889999;,
         1.829998;-19.971107;-1.969999;,
         1.359998;-17.571110;-1.629999;,
         4.749998;-19.971106;-3.889999;,
         1.359998;-17.571110;-1.629999;,
         5.079998;-17.571110;-3.249999;,
         7.139998;-19.971107;-0.529999;,
         4.749998;-19.971106;-3.889999;,
         5.079998;-17.571110;-3.249999;,
         7.139998;-19.971107;-0.529999;,
         5.079998;-17.571110;-3.249999;,
         7.749998;-17.571110;-0.299999;,
        -0.000002;-9.171112; 4.780001;,
         6.269998;-9.471111; 7.420001;,
        -0.000002;-6.471111;10.720001;,
         7.719998;-4.271111; 7.140001;,
         4.479998;-4.471111;10.170002;,
         6.269998;-9.471111; 7.420001;,
         4.479998;-4.471111;10.170002;,
        -0.000002;-6.471111;10.720001;,
         6.269998;-9.471111; 7.420001;,
         4.479998;-4.471111;10.170002;,
        -0.000002;-4.971111;11.180000;,
        -0.000002;-6.471111;10.720001;,
        -0.344002;-21.771107;-2.609999;,
        -3.450002;-21.971106;-5.299999;,
        -1.830002;-19.971107;-1.969999;,
        -0.344002;-21.771107;-2.609999;,
        -1.830002;-19.971107;-1.969999;,
        -0.953002;-21.871107; 1.856201;,
        -3.450002;-21.971106;-5.299999;,
        -3.450002;-23.271107;-5.299999;,
        -7.500002;-21.871105;-3.689999;,
        -3.450002;-21.971106;-5.299999;,
        -0.344002;-21.771107;-2.609999;,
        -3.450002;-23.271107;-5.299999;,
        -0.953002;-21.871107; 1.856201;,
        -5.090002;-21.871109; 3.970001;,
        -5.090002;-23.271109; 4.000000;,
        -5.090002;-21.871109; 3.970001;,
        -8.630002;-21.871107; 0.966001;,
        -5.090002;-23.271109; 4.000000;,
        -7.230002;-24.591106; 0.070001;,
        -8.480001;-23.271109; 0.966001;,
        -7.550002;-23.271107;-3.779999;,
        -7.230002;-24.591106; 0.070001;,
        -7.550002;-23.271107;-3.779999;,
        -6.230002;-24.591106;-3.129999;,
        -8.480001;-23.271109; 0.966001;,
        -8.630002;-21.871107; 0.966001;,
        -7.500002;-21.871105;-3.689999;,
        -8.480001;-23.271109; 0.966001;,
        -7.500002;-21.871105;-3.689999;,
        -7.550002;-23.271107;-3.779999;,
        -1.770002;-24.591108; 1.137001;,
        -0.734002;-23.271109; 1.856201;,
        -5.090002;-23.271109; 4.000000;,
        -1.770002;-24.591108; 1.137001;,
        -5.090002;-23.271109; 4.000000;,
        -4.840002;-24.591108; 2.575001;,
        -1.770002;-24.591108; 1.137001;,
        -1.840002;-24.591106;-2.359999;,
        -0.391002;-23.271107;-2.499999;,
        -1.770002;-24.591108; 1.137001;,
        -0.391002;-23.271107;-2.499999;,
        -0.734002;-23.271109; 1.856201;,
        -0.391002;-23.271107;-2.499999;,
        -0.344002;-21.771107;-2.609999;,
        -0.953002;-21.871107; 1.856201;,
        -0.391002;-23.271107;-2.499999;,
        -0.953002;-21.871107; 1.856201;,
        -0.734002;-23.271109; 1.856201;,
        -1.730002;-33.523674; 1.309001;,
        -7.380002;-33.523674; 0.320001;,
        -6.280002;-33.520073;-3.069999;,
        -1.450002;-33.520073;-2.329999;,
        -6.280002;-33.520073;-3.069999;,
        -3.720002;-33.504074;-3.677014;,
        -1.450002;-33.520073;-2.329999;,
        -1.890002;-29.341106;-1.879999;,
        -2.470002;-29.491108; 1.278001;,
        -1.730002;-33.523674; 1.309001;,
        -6.280002;-33.520073;-3.069999;,
        -7.380002;-33.523674; 0.320001;,
        -5.980002;-29.341106;-2.889999;,
        -1.840002;-24.591106;-2.359999;,
        -1.770002;-24.591108; 1.137001;,
        -1.890002;-29.341106;-1.879999;,
        -1.770002;-24.591108; 1.137001;,
        -2.470002;-29.491108; 1.278001;,
        -1.890002;-29.341106;-1.879999;,
        -6.840002;-29.611109; 0.610001;,
        -7.230002;-24.591106; 0.070001;,
        -5.980002;-29.341106;-2.889999;,
        -0.344002;-21.771107;-2.609999;,
        -0.391002;-23.271107;-2.499999;,
        -3.450002;-23.271107;-5.299999;,
        -7.500002;-21.871105;-3.689999;,
        -3.450002;-23.271107;-5.299999;,
        -7.550002;-23.271107;-3.779999;,
        -8.630002;-21.871107; 0.966001;,
        -8.480001;-23.271109; 0.966001;,
        -5.090002;-23.271109; 4.000000;,
        -0.734002;-23.271109; 1.856201;,
        -0.953002;-21.871107; 1.856201;,
        -5.090002;-23.271109; 4.000000;,
        -4.840002;-24.591108; 2.575001;,
        -4.750002;-27.911108; 2.059000;,
        -2.470002;-29.491108; 1.278001;,
        -2.470002;-29.491108; 1.278001;,
        -1.770002;-24.591108; 1.137001;,
        -4.840002;-24.591108; 2.575001;,
        -4.840002;-24.591108; 2.575001;,
        -7.230002;-24.591106; 0.070001;,
        -6.840002;-29.611109; 0.610001;,
        -4.750002;-27.911108; 2.059000;,
        -4.840002;-24.591108; 2.575001;,
        -6.840002;-29.611109; 0.610001;,
        -1.950002;-33.528885; 4.335404;,
        -2.700002;-32.021111; 8.200001;,
        -2.950002;-33.503098; 8.220001;,
        -3.470002;-30.381109; 7.420001;,
        -6.000002;-31.491110; 9.140000;,
        -2.700002;-32.021111; 8.200001;,
        -6.000002;-31.491110; 9.140000;,
        -3.470002;-30.381109; 7.420001;,
        -5.840002;-29.941111; 8.220001;,
        -1.890002;-29.341106;-1.879999;,
        -3.720002;-24.591106;-3.769999;,
        -1.840002;-24.591106;-2.359999;,
        -1.890002;-29.341106;-1.879999;,
        -3.800002;-29.341106;-3.429999;,
        -3.720002;-24.591106;-3.769999;,
        -7.670002;-30.301107; 6.830001;,
        -5.160002;-29.241108; 4.360001;,
        -7.670002;-30.241108; 4.150001;,
        -7.670002;-30.301107; 6.830001;,
        -5.840002;-29.941111; 8.220001;,
        -5.160002;-29.241108; 4.360001;,
        -8.410002;-32.021111; 7.180001;,
        -7.670002;-30.241108; 4.150001;,
        -8.310002;-33.525284; 3.290001;,
        -8.410002;-32.021111; 7.180001;,
        -7.670002;-30.301107; 6.830001;,
        -7.670002;-30.241108; 4.150001;,
        -8.310002;-33.525284; 3.290001;,
        -6.840002;-29.611109; 0.610001;,
        -7.380002;-33.523674; 0.320001;,
        -8.310002;-33.525284; 3.290001;,
        -7.670002;-30.241108; 4.150001;,
        -6.840002;-29.611109; 0.610001;,
        -7.380002;-33.523674; 0.320001;,
        -6.840002;-29.611109; 0.610001;,
        -5.980002;-29.341106;-2.889999;,
        -3.800002;-29.341106;-3.429999;,
        -1.450002;-33.520073;-2.329999;,
        -3.720002;-33.504074;-3.677014;,
        -1.450002;-33.520073;-2.329999;,
        -3.800002;-29.341106;-3.429999;,
        -1.890002;-29.341106;-1.879999;,
        -1.950002;-33.528885; 4.335404;,
        -7.380002;-33.523674; 0.320001;,
        -1.730002;-33.523674; 1.309001;,
        -1.950002;-33.528885; 4.335404;,
        -8.310002;-33.525284; 3.290001;,
        -7.380002;-33.523674; 0.320001;,
        -1.950002;-33.528885; 4.335404;,
        -5.980002;-33.503098; 9.040001;,
        -8.310002;-33.525284; 3.290001;,
        -5.980002;-33.503098; 9.040001;,
        -8.390002;-33.503098; 7.200001;,
        -8.310002;-33.525284; 3.290001;,
        -5.160002;-29.241108; 4.360001;,
        -4.750002;-27.911108; 2.059000;,
        -7.670002;-30.241108; 4.150001;,
        -7.670002;-30.241108; 4.150001;,
        -4.750002;-27.911108; 2.059000;,
        -6.840002;-29.611109; 0.610001;,
        -2.780002;-30.311108; 5.010001;,
        -2.470002;-29.491108; 1.278001;,
        -4.750002;-27.911108; 2.059000;,
        -2.780002;-30.311108; 5.010001;,
        -4.750002;-27.911108; 2.059000;,
        -5.160002;-29.241108; 4.360001;,
        -8.410002;-32.021111; 7.180001;,
        -8.310002;-33.525284; 3.290001;,
        -8.390002;-33.503098; 7.200001;,
        -5.980002;-33.503098; 9.040001;,
        -1.950002;-33.528885; 4.335404;,
        -2.950002;-33.503098; 8.220001;,
        -2.700002;-32.021111; 8.200001;,
        -2.780002;-30.311108; 5.010001;,
        -3.470002;-30.381109; 7.420001;,
        -2.780002;-30.311108; 5.010001;,
        -2.700002;-32.021111; 8.200001;,
        -1.950002;-33.528885; 4.335404;,
        -3.470002;-30.381109; 7.420001;,
        -5.160002;-29.241108; 4.360001;,
        -5.840002;-29.941111; 8.220001;,
        -5.160002;-29.241108; 4.360001;,
        -3.470002;-30.381109; 7.420001;,
        -2.780002;-30.311108; 5.010001;,
        -1.950002;-33.528885; 4.335404;,
        -2.470002;-29.491108; 1.278001;,
        -2.780002;-30.311108; 5.010001;,
        -2.470002;-29.491108; 1.278001;,
        -1.950002;-33.528885; 4.335404;,
        -1.730002;-33.523674; 1.309001;,
        -8.480001;-23.271109; 0.966001;,
        -4.840002;-24.591108; 2.575001;,
        -5.090002;-23.271109; 4.000000;,
        -4.840002;-24.591108; 2.575001;,
        -8.480001;-23.271109; 0.966001;,
        -7.230002;-24.591106; 0.070001;,
        -7.670002;-30.301107; 6.830001;,
        -6.000002;-31.491110; 9.140000;,
        -5.840002;-29.941111; 8.220001;,
        -6.000002;-31.491110; 9.140000;,
        -7.670002;-30.301107; 6.830001;,
        -8.410002;-32.021111; 7.180001;,
        -8.410002;-32.021111; 7.180001;,
        -5.980002;-33.503098; 9.040001;,
        -6.000002;-31.491110; 9.140000;,
        -5.980002;-33.503098; 9.040001;,
        -8.410002;-32.021111; 7.180001;,
        -8.390002;-33.503098; 7.200001;,
        -6.000002;-31.491110; 9.140000;,
        -2.950002;-33.503098; 8.220001;,
        -2.700002;-32.021111; 8.200001;,
        -2.950002;-33.503098; 8.220001;,
        -6.000002;-31.491110; 9.140000;,
        -5.980002;-33.503098; 9.040001;,
        -1.730002;-33.523674; 1.309001;,
        -1.450002;-33.520073;-2.329999;,
        -1.890002;-29.341106;-1.879999;,
        -0.391002;-23.271107;-2.499999;,
        -3.720002;-24.591106;-3.769999;,
        -3.450002;-23.271107;-5.299999;,
        -3.720002;-24.591106;-3.769999;,
        -0.391002;-23.271107;-2.499999;,
        -1.840002;-24.591106;-2.359999;,
        -3.800002;-29.341106;-3.429999;,
        -6.280002;-33.520073;-3.069999;,
        -5.980002;-29.341106;-2.889999;,
        -6.280002;-33.520073;-3.069999;,
        -3.800002;-29.341106;-3.429999;,
        -3.720002;-33.504074;-3.677014;,
        -3.720002;-24.591106;-3.769999;,
        -5.980002;-29.341106;-2.889999;,
        -6.230002;-24.591106;-3.129999;,
        -5.980002;-29.341106;-2.889999;,
        -3.720002;-24.591106;-3.769999;,
        -3.800002;-29.341106;-3.429999;,
        -3.450002;-23.271107;-5.299999;,
        -6.230002;-24.591106;-3.129999;,
        -7.550002;-23.271107;-3.779999;,
        -6.230002;-24.591106;-3.129999;,
        -3.450002;-23.271107;-5.299999;,
        -3.720002;-24.591106;-3.769999;,
        -7.230002;-24.591106; 0.070001;,
        -6.230002;-24.591106;-3.129999;,
        -5.980002;-29.341106;-2.889999;,
        -5.520002;-19.971107; 2.809000;,
        -7.140002;-19.971107;-0.529999;,
        -8.630002;-21.871107; 0.966001;,
        -5.090002;-21.871109; 3.970001;,
        -5.520002;-19.971107; 2.809000;,
        -8.630002;-21.871107; 0.966001;,
        -2.270002;-19.971107; 2.075001;,
        -5.520002;-19.971107; 2.809000;,
        -5.090002;-21.871109; 3.970001;,
        -0.953002;-21.871107; 1.856201;,
        -2.270002;-19.971107; 2.075001;,
        -5.090002;-21.871109; 3.970001;,
        -1.830002;-19.971107;-1.969999;,
        -2.270002;-19.971107; 2.075001;,
        -0.953002;-21.871107; 1.856201;,
        -4.750002;-19.971106;-3.889999;,
        -1.830002;-19.971107;-1.969999;,
        -3.450002;-21.971106;-5.299999;,
        -7.500002;-21.871105;-3.689999;,
        -4.750002;-19.971106;-3.889999;,
        -3.450002;-21.971106;-5.299999;,
        -7.140002;-19.971107;-0.529999;,
        -4.750002;-19.971106;-3.889999;,
        -7.500002;-21.871105;-3.689999;,
        -8.630002;-21.871107; 0.966001;,
        -7.140002;-19.971107;-0.529999;,
        -7.500002;-21.871105;-3.689999;,
         0.343998;-21.771107;-2.609999;,
         1.829998;-19.971107;-1.969999;,
         3.449998;-21.971106;-5.299999;,
         0.343998;-21.771107;-2.609999;,
         0.952998;-21.871107; 1.856201;,
         1.829998;-19.971107;-1.969999;,
         3.449998;-21.971106;-5.299999;,
         7.499998;-21.871105;-3.689999;,
         3.449998;-23.271107;-5.299999;,
         3.449998;-21.971106;-5.299999;,
         3.449998;-23.271107;-5.299999;,
         0.343998;-21.771107;-2.609999;,
         0.952998;-21.871107; 1.856201;,
         5.089998;-23.271109; 4.000000;,
         5.089998;-21.871109; 3.970001;,
         5.089998;-23.271109; 4.000000;,
         8.629998;-21.871107; 0.966001;,
         5.089998;-21.871109; 3.970001;,
         7.229998;-24.591106; 0.070001;,
         7.549998;-23.271107;-3.779999;,
         8.479998;-23.271109; 0.966001;,
         7.229998;-24.591106; 0.070001;,
         6.229998;-24.591106;-3.129999;,
         7.549998;-23.271107;-3.779999;,
         7.499998;-21.871105;-3.689999;,
         8.629998;-21.871107; 0.966001;,
         8.479998;-23.271109; 0.966001;,
         8.479998;-23.271109; 0.966001;,
         7.549998;-23.271107;-3.779999;,
         7.499998;-21.871105;-3.689999;,
         1.769998;-24.591108; 1.137001;,
         5.089998;-23.271109; 4.000000;,
         0.733998;-23.271109; 1.856201;,
         1.769998;-24.591108; 1.137001;,
         4.839998;-24.591108; 2.575001;,
         5.089998;-23.271109; 4.000000;,
         1.769998;-24.591108; 1.137001;,
         0.390998;-23.271107;-2.499999;,
         1.839998;-24.591106;-2.359999;,
         1.769998;-24.591108; 1.137001;,
         0.733998;-23.271109; 1.856201;,
         0.390998;-23.271107;-2.499999;,
         0.390998;-23.271107;-2.499999;,
         0.952998;-21.871107; 1.856201;,
         0.343998;-21.771107;-2.609999;,
         0.390998;-23.271107;-2.499999;,
         0.733998;-23.271109; 1.856201;,
         0.952998;-21.871107; 1.856201;,
         6.279998;-33.520073;-3.069999;,
         7.379998;-33.523674; 0.320001;,
         1.729998;-33.523674; 1.309001;,
         1.449998;-33.520073;-2.329999;,
         6.279998;-33.520073;-3.069999;,
         1.449998;-33.520073;-2.329999;,
         3.719998;-33.504074;-3.677014;,
         1.889998;-29.341106;-1.879999;,
         1.729998;-33.523674; 1.309001;,
         2.469998;-29.491108; 1.278001;,
         6.279998;-33.520073;-3.069999;,
         5.979998;-29.341106;-2.889999;,
         7.379998;-33.523674; 0.320001;,
         1.839998;-24.591106;-2.359999;,
         1.889998;-29.341106;-1.879999;,
         1.769998;-24.591108; 1.137001;,
         1.769998;-24.591108; 1.137001;,
         1.889998;-29.341106;-1.879999;,
         2.469998;-29.491108; 1.278001;,
         6.839998;-29.611109; 0.610001;,
         5.979998;-29.341106;-2.889999;,
         7.229998;-24.591106; 0.070001;,
         0.343998;-21.771107;-2.609999;,
         3.449998;-23.271107;-5.299999;,
         0.390998;-23.271107;-2.499999;,
         7.499998;-21.871105;-3.689999;,
         7.549998;-23.271107;-3.779999;,
         3.449998;-23.271107;-5.299999;,
         8.629998;-21.871107; 0.966001;,
         5.089998;-23.271109; 4.000000;,
         8.479998;-23.271109; 0.966001;,
         0.733998;-23.271109; 1.856201;,
         5.089998;-23.271109; 4.000000;,
         0.952998;-21.871107; 1.856201;,
         4.839998;-24.591108; 2.575001;,
         2.469998;-29.491108; 1.278001;,
         4.749998;-27.911108; 2.059000;,
         2.469998;-29.491108; 1.278001;,
         4.839998;-24.591108; 2.575001;,
         1.769998;-24.591108; 1.137001;,
         4.839998;-24.591108; 2.575001;,
         6.839998;-29.611109; 0.610001;,
         7.229998;-24.591106; 0.070001;,
         4.749998;-27.911108; 2.059000;,
         6.839998;-29.611109; 0.610001;,
         4.839998;-24.591108; 2.575001;,
         1.949998;-33.528885; 4.335404;,
         2.949998;-33.503098; 8.220001;,
         2.699998;-32.021111; 8.200001;,
         3.469998;-30.381109; 7.420001;,
         2.699998;-32.021111; 8.200001;,
         5.999998;-31.491110; 9.140000;,
         5.999998;-31.491110; 9.140000;,
         5.839998;-29.941111; 8.220001;,
         3.469998;-30.381109; 7.420001;,
         1.889998;-29.341106;-1.879999;,
         1.839998;-24.591106;-2.359999;,
         3.719998;-24.591106;-3.769999;,
         1.889998;-29.341106;-1.879999;,
         3.719998;-24.591106;-3.769999;,
         3.799998;-29.341106;-3.429999;,
         7.669998;-30.301107; 6.830001;,
         7.669998;-30.241108; 4.150001;,
         5.159998;-29.241108; 4.360001;,
         7.669998;-30.301107; 6.830001;,
         5.159998;-29.241108; 4.360001;,
         5.839998;-29.941111; 8.220001;,
         8.409998;-32.021111; 7.180001;,
