xof 0303txt 0032

template XSkinMeshHeader {
  <3cf169ce-ff7c-44ab-93c0-f78f62d172e2>
  WORD nMaxSkinWeightsPerVertex;
  WORD nMaxSkinWeightsPerFace;
  WORD nBones;
}

template SkinWeights {
  <6f0d123b-bad2-4167-a0d0-80224f25fabb>
  STRING transformNodeName;
  DWORD nWeights;
  array DWORD vertexIndices[nWeights];
  array float weights[nWeights];
  Matrix4x4 matrixOffset;
}

Frame Root {
  FrameTransformMatrix {
     1.000000, 0.000000, 0.000000, 0.000000,
     0.000000, 1.000000, 0.000000, 0.000000,
     0.000000, 0.000000, 1.000000, 0.000000,
     0.000000, 0.000000, 0.000000, 1.000000;;
  }
  Frame Armature {
    FrameTransformMatrix {
       1.000000, 0.000000, 0.000000, 0.000000,
       0.000000, 1.000000, 0.000000, 0.000000,
       0.000000, 0.000000, 1.000000, 0.000000,
       0.000000, 0.000000, 0.000000, 1.000000;;
    }
    Frame Armature_ref {
      FrameTransformMatrix {
         0.965926,-0.036211, 0.256274, 0.000000,
        -0.258819,-0.135140, 0.956425, 0.000000,
         0.000000,-0.990165,-0.139907, 0.000000,
         3.090225,-3.422732,-3.082938, 1.000000;;
      }
      Frame Armature_torse {
        FrameTransformMatrix {
           0.998798,-0.004487,-0.048813, 0.000000,
          -0.049014,-0.077181,-0.995812, 0.000000,
           0.000700, 0.997007,-0.077308, 0.000000,
          -0.000000, 2.700000,-0.000000, 1.000000;;
        }
        Frame Armature_torse_2 {
          FrameTransformMatrix {
             0.996873,-0.078953,-0.003341, 0.000000,
             0.078724, 0.995885,-0.044891, 0.000000,
             0.006872, 0.044488, 0.998986, 0.000000,
            -0.000000, 9.595067,-0.000000, 1.000000;;
          }
          Frame Armature_cou {
            FrameTransformMatrix {
               0.999793, 0.019948, 0.003988, 0.000000,
              -0.020333, 0.974049, 0.225421, 0.000000,
               0.000612,-0.225455, 0.974253, 0.000000,
               0.000000, 6.735905, 0.000000, 1.000000;;
            }
            Frame Armature_tete {
              FrameTransformMatrix {
                 0.989759, 0.013979,-0.142065, 0.000000,
                -0.017231, 0.999616,-0.021683, 0.000000,
                 0.141707, 0.023909, 0.989620, 0.000000,
                 0.000000, 2.975633, 0.000000, 1.000000;;
              }
            } //End of Armature_tete
          } //End of Armature_cou
          Frame Armature_bg {
            FrameTransformMatrix {
              -0.838033, 0.066765,-0.541520, 0.000000,
              -0.185339,-0.968305, 0.167438, 0.000000,
              -0.513177, 0.240683, 0.823845, 0.000000,
              -6.240000, 4.855676, 0.259849, 1.000000;;
            }
            Frame Armature_abg {
              FrameTransformMatrix {
                 0.813490, 0.415249, 0.407189, 0.000000,
                -0.306174, 0.901046,-0.307202, 0.000000,
                -0.494462, 0.125235, 0.860130, 0.000000,
                -0.000000, 5.533263,-0.000000, 1.000000;;
              }
              Frame Armature_maing {
                FrameTransformMatrix {
                   0.884475,-0.317471, 0.341931, 0.000000,
                   0.385648, 0.909917,-0.152732, 0.000000,
                  -0.262640, 0.266952, 0.927231, 0.000000,
                  -0.000001, 7.268837,-0.000000, 1.000000;;
                }
                Frame Armature__3_1_g {
                  FrameTransformMatrix {
                     0.526441,-0.390972, 0.754984, 0.000000,
                    -0.251375, 0.776720, 0.577509, 0.000000,
                    -0.812201,-0.493809, 0.310617, 0.000000,
                     0.000003,-0.000002, 0.000001, 1.000000;;
                  }
                  Frame Armature__3_2_g {
                    FrameTransformMatrix {
                       0.935988,-0.132349, 0.326205, 0.000000,
                       0.069819, 0.978021, 0.196471, 0.000000,
                      -0.345038,-0.161119, 0.924656, 0.000000,
                      -0.000000, 1.697840,-0.000000, 1.000000;;
                    }
                    Frame Armature__3_3_g {
                      FrameTransformMatrix {
                         0.971285,-0.144420, 0.189073, 0.000000,
                         0.144245, 0.989432, 0.014761, 0.000000,
                        -0.189207, 0.012936, 0.981852, 0.000000,
                         0.000000, 1.227338, 0.000000, 1.000000;;
                      }
                    } //End of Armature__3_3_g
                  } //End of Armature__3_2_g
                } //End of Armature__3_1_g
                Frame Armature__1_1_g {
                  FrameTransformMatrix {
                     0.722725, 0.575386,-0.382883, 0.000000,
                    -0.632591, 0.773860,-0.031137, 0.000000,
                     0.278382, 0.264712, 0.923272, 0.000000,
                     0.078004, 2.789188,-0.514429, 1.000000;;
                  }
                  Frame Armature__1_2_g {
                    FrameTransformMatrix {
                       0.998245,-0.033465,-0.048850, 0.000000,
                       0.032428, 0.999235,-0.021870, 0.000000,
                       0.049545, 0.020247, 0.998567, 0.000000,
                      -0.000000, 1.729872, 0.000000, 1.000000;;
                    }
                  } //End of Armature__1_2_g
                } //End of Armature__1_1_g
                Frame Armature__2_1_g {
                  FrameTransformMatrix {
                     0.875477, 0.418855, 0.241039, 0.000000,
                    -0.462428, 0.870957, 0.166114, 0.000000,
                    -0.140357,-0.256892, 0.956194, 0.000000,
                    -0.087816, 2.689616, 0.419616, 1.000000;;
                  }
                  Frame Armature__2_2_g {
                    FrameTransformMatrix {
                       0.999319,-0.036853, 0.001615, 0.000000,
                       0.036861, 0.999310,-0.004647, 0.000000,
                      -0.001442, 0.004704, 0.999988, 0.000000,
                      -0.000000, 1.626837, 0.000000, 1.000000;;
                    }
                  } //End of Armature__2_2_g
                } //End of Armature__2_1_g
              } //End of Armature_maing
            } //End of Armature_abg
          } //End of Armature_bg
          Frame Armature_bd {
            FrameTransformMatrix {
              -0.922893,-0.101168,-0.371529, 0.000000,
               0.196169,-0.953797,-0.227572, 0.000000,
              -0.331340,-0.282907, 0.900099, 0.000000,
               6.240000, 4.855676, 0.259849, 1.000000;;
            }
            Frame Armature_abd {
              FrameTransformMatrix {
                 0.973583,-0.012696, 0.227982, 0.000000,
                -0.131927, 0.783655, 0.607026, 0.000000,
                -0.186366,-0.621066, 0.761278, 0.000000,
                 0.000000, 5.533262,-0.000000, 1.000000;;
              }
              Frame Armature_maind {
                FrameTransformMatrix {
                   0.967087, 0.009822,-0.254255, 0.000000,
                  -0.038285, 0.993495,-0.107245, 0.000000,
                   0.251548, 0.113449, 0.961173, 0.000000,
                   0.000001, 7.268837,-0.000000, 1.000000;;
                }
                Frame Armature__3_1_d {
                  FrameTransformMatrix {
                     0.306520, 0.446399,-0.840698, 0.000000,
                     0.358963, 0.763791, 0.536441, 0.000000,
                     0.881584,-0.466210, 0.073876, 0.000000,
                    -0.000004,-0.000002, 0.000001, 1.000000;;
                  }
                  Frame Armature__3_2_d {
                    FrameTransformMatrix {
                       0.909279, 0.021758,-0.415619, 0.000000,
                       0.081171, 0.970184, 0.228374, 0.000000,
                       0.408196,-0.241392, 0.880401, 0.000000,
                      -0.000000, 1.697841,-0.000001, 1.000000;;
                    }
                    Frame Armature__3_3_d {
                      FrameTransformMatrix {
                         0.971285, 0.144421,-0.189073, 0.000000,
                        -0.144246, 0.989432, 0.014760, 0.000000,
                         0.189207, 0.012937, 0.981852, 0.000000,
                        -0.000000, 1.227338, 0.000000, 1.000000;;
                      }
                    } //End of Armature__3_3_d
                  } //End of Armature__3_2_d
                } //End of Armature__3_1_d
                Frame Armature__1_1_d {
                  FrameTransformMatrix {
                     0.960812,-0.275203,-0.033222, 0.000000,
                     0.276515, 0.943102, 0.184655, 0.000000,
                    -0.019486,-0.186605, 0.982242, 0.000000,
                    -0.078004, 2.789188,-0.514429, 1.000000;;
                  }
                  Frame Armature__1_2_d {
                    FrameTransformMatrix {
                       0.971734,-0.183433, 0.148613, 0.000000,
                       0.196996, 0.976948,-0.082248, 0.000000,
                      -0.130100, 0.109199, 0.985469, 0.000000,
                      -0.000000, 1.729871,-0.000000, 1.000000;;
                    }
                  } //End of Armature__1_2_d
                } //End of Armature__1_1_d
                Frame Armature__2_1_d {
                  FrameTransformMatrix {
                     0.820685,-0.142508,-0.553324, 0.000000,
                     0.360618, 0.880346, 0.308133, 0.000000,
                     0.443205,-0.452419, 0.773878, 0.000000,
                     0.087814, 2.689615, 0.419616, 1.000000;;
                  }
                  Frame Armature__2_2_d {
                    FrameTransformMatrix {
                       0.979371,-0.161873, 0.120949, 0.000000,
                       0.155457, 0.985971, 0.060786, 0.000000,
                      -0.129092,-0.040730, 0.990796, 0.000000,
                      -0.000000, 1.626837,-0.000000, 1.000000;;
                    }
                  } //End of Armature__2_2_d
                } //End of Armature__2_1_d
              } //End of Armature_maind
            } //End of Armature_abd
          } //End of Armature_bd
        } //End of Armature_torse_2
      } //End of Armature_torse
      Frame Armature_jg {
        FrameTransformMatrix {
          -0.942902, 0.299157,-0.146427, 0.000000,
          -0.094081, 0.182505, 0.978693, 0.000000,
           0.319507, 0.936588,-0.143939, 0.000000,
          -1.992390, 2.835283, 0.705041, 1.000000;;
        }
        Frame Armature_jg_2 {
          FrameTransformMatrix {
            -0.674015,-0.401400,-0.620146, 0.000000,
            -0.242681, 0.913214,-0.327332, 0.000000,
             0.697717,-0.070129,-0.712933, 0.000000,
            -0.000000,10.784142, 0.000000, 1.000000;;
          }
          Frame Armature_chevg {
            FrameTransformMatrix {
              -0.061345,-0.289255,-0.955284, 0.000000,
              -0.608091, 0.769789,-0.194039, 0.000000,
               0.791494, 0.568996,-0.223116, 0.000000,
              -0.000001,14.597645, 0.000000, 1.000000;;
            }
            Frame Armature_pg {
              FrameTransformMatrix {
                 0.901443,-0.215892, 0.375221, 0.000000,
                 0.429739, 0.341776,-0.835771, 0.000000,
                 0.052195, 0.914647, 0.400869, 0.000000,
                 0.000000, 2.804093, 0.000002, 1.000000;;
              }
            } //End of Armature_pg
          } //End of Armature_chevg
        } //End of Armature_jg_2
      } //End of Armature_jg
      Frame Armature_jd {
        FrameTransformMatrix {
          -0.902506, 0.366493, 0.226198, 0.000000,
           0.339315, 0.281630, 0.897524, 0.000000,
           0.265232, 0.886774,-0.378529, 0.000000,
           2.061445, 2.835283, 0.698968, 1.000000;;
        }
        Frame Armature_jd_2 {
          FrameTransformMatrix {
            -0.623588, 0.522174, 0.581784, 0.000000,
             0.312009, 0.848603,-0.427227, 0.000000,
            -0.716791,-0.084892,-0.692101, 0.000000,
             0.000000,10.784141, 0.000000, 1.000000;;
          }
          Frame Armature_chevd {
            FrameTransformMatrix {
              -0.005953, 0.145930, 0.989277, 0.000000,
               0.582055, 0.804942,-0.115236, 0.000000,
              -0.813127, 0.575128,-0.089731, 0.000000,
              -0.000000,14.597657, 0.000000, 1.000000;;
            }
            Frame Armature_pd {
              FrameTransformMatrix {
                 0.947866, 0.242790,-0.206406, 0.000000,
                -0.290526, 0.392242,-0.872778, 0.000000,
                -0.130941, 0.887242, 0.442329, 0.000000,
                 0.000000, 2.804092,-0.000000, 1.000000;;
              }
            } //End of Armature_pd
          } //End of Armature_chevd
        } //End of Armature_jd_2
      } //End of Armature_jd
    } //End of Armature_ref
    Frame Cube_002 {
      FrameTransformMatrix {
         1.000000,-0.000000, 0.000000, 0.000000,
         0.000000, 0.000000,-1.000000, 0.000000,
         0.000000, 1.000000, 0.000000, 0.000000,
         0.000000,-0.000000, 0.000000, 1.000000;;
      }
      Mesh { //Cube_000 Mesh
        6102;
        -2.221731;-4.023476;20.993347;,
        -2.432248;-3.669981;21.353653;,
        -2.682392;-3.207119;20.052687;,
        -2.483331;-3.786209;20.166697;,
         4.537171;-3.207128;20.052689;,
         4.287028;-3.669989;21.353657;,
         4.076512;-4.023483;20.993351;,
         4.338111;-3.786218;20.166697;,
        -2.483331;-3.786209;20.166697;,
        -2.682392;-3.207119;20.052687;,
        -2.476219;-3.777984;18.985762;,
        -2.209965;-4.023474;19.340040;,
         4.331001;-3.777992;18.985762;,
         4.537171;-3.207128;20.052689;,
         4.338111;-3.786218;20.166697;,
         4.064746;-4.023481;19.340042;,
        -2.209965;-4.023474;19.340040;,
        -2.476219;-3.777984;18.985762;,
        -1.590804;-4.596281;18.496601;,
        -1.590174;-4.596281;18.997629;,
         3.445587;-4.596287;18.496599;,
         4.331001;-3.777992;18.985762;,
         4.064746;-4.023481;19.340042;,
         3.444957;-4.596288;18.997625;,
        -1.590174;-4.596281;18.997629;,
        -1.590804;-4.596281;18.496601;,
        -0.688579;-5.414580;18.985758;,
        -0.958617;-5.169090;19.340036;,
         2.543364;-5.414584;18.985760;,
         3.445587;-4.596287;18.496599;,
         3.444957;-4.596288;18.997625;,
         2.813401;-5.169096;19.340042;,
        -0.958617;-5.169090;19.340036;,
        -0.688579;-5.414580;18.985758;,
        -0.314866;-5.753531;20.166697;,
        -0.697017;-5.406357;20.166693;,
         2.169652;-5.753535;20.166697;,
         2.543364;-5.414584;18.985760;,
         2.813401;-5.169096;19.340042;,
         2.551802;-5.406360;20.166697;,
        -0.697017;-5.406357;20.166693;,
        -0.314866;-5.753531;20.166697;,
        -0.688580;-5.414584;21.347630;,
        -0.958617;-5.169094;20.993349;,
         2.543364;-5.414588;21.347630;,
         2.169652;-5.753535;20.166697;,
         2.551802;-5.406360;20.166697;,
         2.813400;-5.169097;20.993349;,
        -0.958617;-5.169094;20.993349;,
        -0.688580;-5.414584;21.347630;,
        -1.453946;-4.453086;21.880955;,
        -1.590174;-4.596284;21.335760;,
         3.308728;-4.453093;21.880955;,
         2.543364;-5.414588;21.347630;,
         2.813400;-5.169097;20.993349;,
         3.444956;-4.596291;21.335762;,
        -2.432248;-3.669981;21.353653;,
        -2.221731;-4.023476;20.993347;,
        -1.590174;-4.596284;21.335760;,
        -1.453946;-4.453086;21.880955;,
         3.444956;-4.596291;21.335762;,
         4.076512;-4.023483;20.993351;,
         4.287028;-3.669989;21.353657;,
         3.308728;-4.453093;21.880955;,
        -2.422852;-4.230401;20.993353;,
        -2.221731;-4.023476;20.993347;,
        -2.483331;-3.786209;20.166697;,
        -2.684203;-3.992846;20.166697;,
         4.338111;-3.786218;20.166697;,
         4.076512;-4.023483;20.993351;,
         4.277634;-4.230411;20.993355;,
         4.538985;-3.992855;20.166697;,
        -1.789928;-4.804009;18.997627;,
        -1.590174;-4.596281;18.997629;,
        -0.958617;-5.169090;19.340036;,
        -1.159844;-5.376141;19.340040;,
         2.813401;-5.169096;19.340042;,
         3.444957;-4.596288;18.997625;,
         3.644712;-4.804017;18.997631;,
         3.014629;-5.376148;19.340038;,
        -1.159844;-5.376141;19.340040;,
        -0.958617;-5.169090;19.340036;,
        -0.697017;-5.406357;20.166693;,
        -0.898492;-5.613696;20.166695;,
         2.551802;-5.406360;20.166697;,
         2.813401;-5.169096;19.340042;,
         3.014629;-5.376148;19.340038;,
         2.753278;-5.613702;20.166695;,
        -0.898492;-5.613696;20.166695;,
        -0.697017;-5.406357;20.166693;,
        -0.958617;-5.169094;20.993349;,
        -1.160165;-5.376516;20.993353;,
         2.813400;-5.169097;20.993349;,
         2.551802;-5.406360;20.166697;,
         2.753278;-5.613702;20.166695;,
         3.014948;-5.376521;20.993353;,
        -1.160165;-5.376516;20.993353;,
        -0.958617;-5.169094;20.993349;,
        -1.590174;-4.596284;21.335760;,
        -1.790381;-4.804541;21.335762;,
         3.444956;-4.596291;21.335762;,
         2.813400;-5.169097;20.993349;,
         3.014948;-5.376521;20.993353;,
         3.645163;-4.804548;21.335766;,
        -1.790381;-4.804541;21.335762;,
        -1.590174;-4.596284;21.335760;,
        -2.221731;-4.023476;20.993347;,
        -2.422852;-4.230401;20.993353;,
         4.076512;-4.023483;20.993351;,
         3.444956;-4.596291;21.335762;,
         3.645163;-4.804548;21.335766;,
         4.277634;-4.230411;20.993355;,
        -2.302693;-4.339392;20.836285;,
        -2.422852;-4.230401;20.993353;,
        -2.684203;-3.992846;20.166697;,
        -2.514386;-4.146974;20.166698;,
         4.538985;-3.992855;20.166697;,
         4.277634;-4.230411;20.993355;,
         4.157473;-4.339401;20.836287;,
         4.369167;-4.146980;20.166698;,
        -1.789993;-4.804043;19.219751;,
        -1.789928;-4.804009;18.997627;,
        -1.159844;-5.376141;19.340040;,
        -1.279655;-5.267443;19.497105;,
         3.014629;-5.376148;19.340038;,
         3.644712;-4.804017;18.997631;,
         3.644776;-4.804049;19.219749;,
         3.134440;-5.267447;19.497105;,
        -1.279655;-5.267443;19.497105;,
        -1.159844;-5.376141;19.340040;,
        -0.898492;-5.613696;20.166695;,
        -1.067962;-5.459862;20.166695;,
         2.753278;-5.613702;20.166695;,
         3.014629;-5.376148;19.340038;,
         3.134440;-5.267447;19.497105;,
         2.922746;-5.459869;20.166697;,
        -1.790359;-4.804473;21.113640;,
        -1.790381;-4.804541;21.335762;,
        -2.422852;-4.230401;20.993353;,
        -2.302693;-4.339392;20.836285;,
         4.277634;-4.230411;20.993355;,
         3.645163;-4.804548;21.335766;,
         3.645142;-4.804481;21.113642;,
         4.157473;-4.339401;20.836287;,
        -2.145430;-4.287775;20.761887;,
        -2.302693;-4.339392;20.836285;,
        -2.514386;-4.146974;20.166698;,
        -2.333781;-4.116942;20.166693;,
         4.369167;-4.146980;20.166698;,
         4.157473;-4.339401;20.836287;,
         4.000211;-4.287782;20.761887;,
         4.188562;-4.116950;20.166697;,
        -2.333781;-4.116942;20.166693;,
        -2.514386;-4.146974;20.166698;,
        -2.296895;-4.343749;19.497105;,
        -2.136958;-4.287772;19.571503;,
         4.151676;-4.343757;19.497105;,
         4.369167;-4.146980;20.166698;,
         4.188562;-4.116950;20.166697;,
         3.991740;-4.287780;19.571503;,
        -2.136958;-4.287772;19.571503;,
        -2.296895;-4.343749;19.497105;,
        -1.789993;-4.804043;19.219751;,
        -1.690709;-4.700195;19.324968;,
         3.644776;-4.804049;19.219749;,
         4.151676;-4.343757;19.497105;,
         3.991740;-4.287780;19.571503;,
         3.545492;-4.700202;19.324968;,
        -1.690709;-4.700195;19.324968;,
        -1.789993;-4.804043;19.219751;,
        -1.279655;-5.267443;19.497105;,
        -1.235987;-5.112618;19.571501;,
         3.134440;-5.267447;19.497105;,
         3.644776;-4.804049;19.219749;,
         3.545492;-4.700202;19.324968;,
         3.090771;-5.112624;19.571503;,
        -1.235987;-5.112618;19.571501;,
        -1.279655;-5.267443;19.497105;,
        -1.067962;-5.459862;20.166695;,
        -1.047636;-5.283449;20.166697;,
         2.922746;-5.459869;20.166697;,
         3.134440;-5.267447;19.497105;,
         3.090771;-5.112624;19.571503;,
         2.902420;-5.283455;20.166697;,
        -1.690709;-4.700198;21.008423;,
        -1.790359;-4.804473;21.113640;,
        -2.302693;-4.339392;20.836285;,
        -2.145430;-4.287775;20.761887;,
         4.157473;-4.339401;20.836287;,
         3.645142;-4.804481;21.113642;,
         3.545491;-4.700204;21.008427;,
         4.000211;-4.287782;20.761887;,
        -1.790155;-4.804276;20.166697;,
        -2.145430;-4.287775;20.761887;,
        -2.333781;-4.116942;20.166693;,
         4.188562;-4.116950;20.166697;,
         4.000211;-4.287782;20.761887;,
         3.644937;-4.804282;20.166697;,
        -1.790155;-4.804276;20.166697;,
        -2.333781;-4.116942;20.166693;,
        -2.136958;-4.287772;19.571503;,
         3.991740;-4.287780;19.571503;,
         4.188562;-4.116950;20.166697;,
         3.644937;-4.804282;20.166697;,
        -1.790155;-4.804276;20.166697;,
        -2.136958;-4.287772;19.571503;,
        -1.690709;-4.700195;19.324968;,
         3.545492;-4.700202;19.324968;,
         3.991740;-4.287780;19.571503;,
         3.644937;-4.804282;20.166697;,
        -1.790155;-4.804276;20.166697;,
        -1.690709;-4.700195;19.324968;,
        -1.235987;-5.112618;19.571501;,
         3.090771;-5.112624;19.571503;,
         3.545492;-4.700202;19.324968;,
         3.644937;-4.804282;20.166697;,
        -1.790155;-4.804276;20.166697;,
        -1.235987;-5.112618;19.571501;,
        -1.047636;-5.283449;20.166697;,
         2.902420;-5.283455;20.166697;,
         3.090771;-5.112624;19.571503;,
         3.644937;-4.804282;20.166697;,
        -1.790155;-4.804276;20.166697;,
        -1.047636;-5.283449;20.166697;,
        -1.235988;-5.112620;20.761885;,
         3.090771;-5.112625;20.761887;,
         2.902420;-5.283455;20.166697;,
         3.644937;-4.804282;20.166697;,
        -1.790155;-4.804276;20.166697;,
        -1.235988;-5.112620;20.761885;,
        -1.690709;-4.700198;21.008423;,
         3.545491;-4.700204;21.008427;,
         3.090771;-5.112625;20.761887;,
         3.644937;-4.804282;20.166697;,
        -1.790155;-4.804276;20.166697;,
        -1.690709;-4.700198;21.008423;,
        -2.145430;-4.287775;20.761887;,
         4.000211;-4.287782;20.761887;,
         3.545491;-4.700204;21.008427;,
         3.644937;-4.804282;20.166697;,
        -2.337832;-3.001420;22.351410;,
        -2.432248;-3.669981;21.353653;,
        -1.453946;-4.453086;21.880955;,
        -1.605660;-3.582405;22.726820;,
         3.308728;-4.453093;21.880955;,
         4.287028;-3.669989;21.353657;,
         4.192610;-3.001427;22.351416;,
         3.460438;-3.582413;22.726824;,
        -2.284553;-1.929802;22.590668;,
        -2.337832;-3.001420;22.351410;,
        -1.605660;-3.582405;22.726820;,
        -1.367934;-2.487489;23.247471;,
         3.460438;-3.582413;22.726824;,
         4.192610;-3.001427;22.351416;,
         4.139328;-1.929810;22.590673;,
         3.222711;-2.487497;23.247471;,
        -2.356693;-0.219789;22.926003;,
        -2.284553;-1.929802;22.590668;,
        -1.367934;-2.487489;23.247471;,
        -1.085752;-0.391700;23.404383;,
         3.222711;-2.487497;23.247471;,
         4.139328;-1.929810;22.590673;,
         4.211464;-0.219799;22.926004;,
         2.940524;-0.391706;23.404385;,
        -1.949749; 1.044127;22.585541;,
        -2.356693;-0.219789;22.926003;,
        -1.085752;-0.391700;23.404383;,
        -1.104423; 0.727172;23.148447;,
         2.940524;-0.391706;23.404385;,
         4.211464;-0.219799;22.926004;,
         3.804518; 1.044120;22.585545;,
         2.959193; 0.727168;23.148453;,
        -2.166859; 0.541314;21.644579;,
        -2.689767;-0.594998;22.032568;,
        -2.356693;-0.219789;22.926003;,
        -1.949749; 1.044127;22.585541;,
         4.211464;-0.219799;22.926004;,
         4.544540;-0.595007;22.032570;,
         4.021631; 0.541304;21.644579;,
         3.804518; 1.044120;22.585545;,
        -1.830137; 1.006550;20.424799;,
        -2.166859; 0.541314;21.644579;,
        -1.949749; 1.044127;22.585541;,
        -1.610641; 1.879786;21.051931;,
         3.804518; 1.044120;22.585545;,
         4.021631; 0.541304;21.644579;,
         3.684909; 1.006543;20.424803;,
         3.465410; 1.879779;21.051931;,
        -1.610641; 1.879786;21.051931;,
        -1.949749; 1.044127;22.585541;,
        -1.104423; 0.727172;23.148447;,
        -0.849002; 1.584938;21.822102;,
         2.959193; 0.727168;23.148453;,
         3.804518; 1.044120;22.585545;,
         3.465410; 1.879779;21.051931;,
         2.703772; 1.584933;21.822102;,
        -0.865999;-0.734663;15.506360;,
        -0.779857;-0.393020;14.911615;,
        -0.389889;-1.327295;14.555463;,
        -0.499722;-1.562181;14.970022;,
         2.244668;-1.327298;14.555463;,
         2.634635;-0.393024;14.911614;,
         2.720777;-0.734668;15.506360;,
         2.354502;-1.562185;14.970022;,
         0.210321;-2.493880;14.623800;,
        -0.499722;-1.562181;14.970022;,
        -0.389889;-1.327295;14.555463;,
         0.330111;-2.048036;14.173041;,
         2.244668;-1.327298;14.555463;,
         2.354502;-1.562185;14.970022;,
         1.644461;-2.493881;14.623803;,
         1.524671;-2.048037;14.173041;,
         0.262728; 1.351161;15.643294;,
         0.330107; 1.247713;14.881459;,
        -0.389891; 0.487832;14.960273;,
        -0.517095; 0.466508;15.617269;,
         2.244667; 0.487829;14.960277;,
         1.524667; 1.247710;14.881460;,
         1.592046; 1.351160;15.643292;,
         2.371871; 0.466505;15.617270;,
        -0.865999;-0.734663;15.506360;,
        -0.517095; 0.466508;15.617269;,
        -0.389891; 0.487832;14.960273;,
        -0.779857;-0.393020;14.911615;,
         2.244667; 0.487829;14.960277;,
         2.371871; 0.466505;15.617270;,
         2.720777;-0.734668;15.506360;,
         2.634635;-0.393024;14.911614;,
         0.210321;-2.493880;14.623800;,
         0.330111;-2.048036;14.173041;,
         0.927391;-2.288283;14.045568;,
         0.927391;-2.689512;14.433426;,
         0.927391;-2.288283;14.045568;,
         1.524671;-2.048037;14.173041;,
         1.644461;-2.493881;14.623803;,
         0.927391;-2.689512;14.433426;,
         0.927392;-3.602712;14.689125;,
         0.189409;-3.576712;14.791565;,
         0.210321;-2.493880;14.623800;,
         0.927391;-2.689512;14.433426;,
         1.644461;-2.493881;14.623803;,
         1.665375;-3.576714;14.791570;,
         0.927392;-3.602712;14.689125;,
         0.927391;-2.689512;14.433426;,
        -1.606998;-0.679230;17.020218;,
        -2.063217;-0.732460;17.902237;,
        -1.528147; 0.953127;18.217978;,
        -1.180786; 0.879070;17.405241;,
         3.382921; 0.953121;18.217979;,
         3.917994;-0.732469;17.902237;,
         3.461774;-0.679236;17.020220;,
         3.035559; 0.879063;17.405243;,
        -0.116668; 2.321494;17.686171;,
        -1.180786; 0.879070;17.405241;,
        -1.528147; 0.953127;18.217978;,
        -0.239086; 2.553298;18.403761;,
         3.382921; 0.953121;18.217979;,
         3.035559; 0.879063;17.405243;,
         1.971438; 2.321491;17.686172;,
         2.093856; 2.553294;18.403757;,
        -0.302232; 2.791847;19.578251;,
        -0.239086; 2.553298;18.403761;,
        -1.528147; 0.953127;18.217978;,
        -1.780727; 0.953127;19.166891;,
         3.382921; 0.953121;18.217979;,
         2.093856; 2.553294;18.403757;,
         2.157001; 2.791843;19.578251;,
         3.635500; 0.953120;19.166897;,
        -2.694753;-0.815596;18.989511;,
        -1.780727; 0.953127;19.166891;,
        -1.528147; 0.953127;18.217978;,
        -2.063217;-0.732460;17.902237;,
         3.382921; 0.953121;18.217979;,
         3.635500; 0.953120;19.166897;,
         4.549529;-0.815606;18.989519;,
         3.917994;-0.732469;17.902237;,
        -0.116668; 2.321494;17.686171;,
        -0.239086; 2.553298;18.403761;,
         0.927383; 3.737592;19.295498;,
         0.927384; 3.003023;17.793261;,
         0.927383; 3.737592;19.295498;,
         2.093856; 2.553294;18.403757;,
         1.971438; 2.321491;17.686172;,
         0.927384; 3.003023;17.793261;,
        -0.302232; 2.791847;19.578251;,
         0.927383; 4.030480;20.990721;,
         0.927383; 3.737592;19.295498;,
        -0.239086; 2.553298;18.403761;,
         0.927383; 3.737592;19.295498;,
         0.927383; 4.030480;20.990721;,
         2.157001; 2.791843;19.578251;,
         2.093856; 2.553294;18.403757;,
        -2.694753;-0.815596;18.989511;,
        -3.152216;-0.377103;20.499384;,
        -1.830137; 1.006550;20.424799;,
        -1.780727; 0.953127;19.166891;,
         3.684909; 1.006543;20.424803;,
         5.006990;-0.377113;20.499382;,
         4.549529;-0.815606;18.989519;,
         3.635500; 0.953120;19.166897;,
        -0.302232; 2.791847;19.578251;,
        -0.323281; 2.891243;20.975466;,
         0.927382; 4.214542;22.913233;,
         0.927383; 4.030480;20.990721;,
         0.927382; 4.214542;22.913233;,
         2.178048; 2.891238;20.975471;,
         2.157001; 2.791843;19.578251;,
         0.927383; 4.030480;20.990721;,
        -0.197762; 2.604291;22.464031;,
         0.927382; 3.961635;24.348146;,
         0.927382; 4.214542;22.913233;,
        -0.323281; 2.891243;20.975466;,
         0.927382; 4.214542;22.913233;,
         0.927382; 3.961635;24.348146;,
         2.052529; 2.604288;22.464033;,
         2.178048; 2.891238;20.975471;,
         0.522515; 0.871790;23.936256;,
         0.178796; 2.319943;23.622099;,
        -0.746187; 0.433552;23.025829;,
        -0.062194;-0.065781;23.528919;,
         2.600959; 0.433548;23.025829;,
         1.675971; 2.319939;23.622099;,
         1.332255; 0.871790;23.936256;,
         1.916966;-0.065784;23.528923;,
        -0.197762; 2.604291;22.464031;,
         0.178796; 2.319943;23.622099;,
         0.927382; 3.350951;25.025000;,
         0.927382; 3.961635;24.348146;,
         0.927382; 3.350951;25.025000;,
         1.675971; 2.319939;23.622099;,
         2.052529; 2.604288;22.464033;,
         0.927382; 3.961635;24.348146;,
         0.927382; 3.350951;25.025000;,
         0.178796; 2.319943;23.622099;,
         0.522515; 0.871790;23.936256;,
         0.927385; 1.207301;24.395565;,
         1.332255; 0.871790;23.936256;,
         1.675971; 2.319939;23.622099;,
         0.927382; 3.350951;25.025000;,
         0.927385; 1.207301;24.395565;,
        -1.270286;-3.012076;15.968954;,
        -0.524550;-2.819000;15.206891;,
        -0.383441;-3.498714;15.098890;,
        -0.645081;-3.781455;15.798388;,
         2.238225;-3.498718;15.098890;,
         2.379332;-2.819004;15.206891;,
         3.125068;-3.012082;15.968954;,
         2.499866;-3.781459;15.798392;,
         0.005929;-4.280960;15.600806;,
        -0.645081;-3.781455;15.798388;,
        -0.383441;-3.498714;15.098890;,
         0.189409;-3.576712;14.791565;,
         2.238225;-3.498718;15.098890;,
         2.499866;-3.781459;15.798392;,
         1.848856;-4.280962;15.600805;,
         1.665375;-3.576714;14.791570;,
         0.210321;-2.493880;14.623800;,
         0.189409;-3.576712;14.791565;,
        -0.383441;-3.498714;15.098890;,
        -0.524550;-2.819000;15.206891;,
         2.238225;-3.498718;15.098890;,
         1.665375;-3.576714;14.791570;,
         1.644461;-2.493881;14.623803;,
         2.379332;-2.819004;15.206891;,
        -0.129176;-5.999327;18.061056;,
        -1.088534;-5.005502;18.118811;,
        -0.887371;-4.465943;16.807758;,
        -0.114964;-5.234866;16.725840;,
         2.742156;-4.465949;16.807756;,
         2.943319;-5.005507;18.118813;,
         1.983963;-5.999329;18.061056;,
         1.969751;-5.234869;16.725838;,
         0.023620;-2.054110;23.558210;,
        -0.946394;-2.629575;22.995401;,
        -0.307664;-3.251969;22.989927;,
         0.172049;-2.646001;23.502176;,
         2.162443;-3.251972;22.989927;,
         2.801172;-2.629581;22.995401;,
         1.831156;-2.054113;23.558210;,
         1.682729;-2.646003;23.502174;,
        -2.689767;-0.594998;22.032568;,
        -3.403968;-1.215772;21.873278;,
        -3.042094;-1.995262;21.900415;,
        -2.513271;-1.928578;22.258282;,
         4.896870;-1.995270;21.900417;,
         5.258744;-1.215782;21.873283;,
         4.544540;-0.595007;22.032570;,
         4.368048;-1.928587;22.258286;,
        -2.061936;-3.634177;18.175571;,
        -2.688653;-2.928204;18.751568;,
        -3.085734;-2.149322;18.606583;,
        -2.758845;-2.201344;18.209568;,
         4.940512;-2.149331;18.606585;,
         4.543434;-2.928213;18.751574;,
         3.916718;-3.634186;18.175577;,
         4.613623;-2.201353;18.209568;,
        -2.694753;-0.815596;18.989511;,
        -3.429753;-1.370252;19.307701;,
        -3.545727;-0.785063;20.500074;,
        -3.152216;-0.377103;20.499384;,
         5.400502;-0.785073;20.500076;,
         5.284529;-1.370263;19.307701;,
         4.549529;-0.815606;18.989519;,
         5.006990;-0.377113;20.499382;,
        -2.689767;-0.594998;22.032568;,
        -3.152216;-0.377103;20.499384;,
        -3.545727;-0.785063;20.500074;,
        -3.403968;-1.215772;21.873278;,
         5.400502;-0.785073;20.500076;,
         5.006990;-0.377113;20.499382;,
         4.544540;-0.595007;22.032570;,
         5.258744;-1.215782;21.873283;,
        -4.215464;-1.412863;20.376209;,
        -4.053351;-1.698423;20.123995;,
        -4.146192;-1.663454;21.154673;,
        -4.308763;-1.331370;21.185146;,
         6.000968;-1.663467;21.154676;,
         5.908127;-1.698437;20.123995;,
         6.070240;-1.412878;20.376217;,
         6.163536;-1.331383;21.185150;,
        -4.215465;-1.391434;21.833881;,
        -4.308763;-1.331370;21.185146;,
        -4.146192;-1.663454;21.154673;,
        -4.053351;-1.650636;21.867268;,
         6.000968;-1.663467;21.154676;,
         6.163536;-1.331383;21.185150;,
         6.070240;-1.391447;21.833883;,
         5.908126;-1.650648;21.867270;,
        -2.061936;-3.634177;18.175571;,
        -1.329087;-4.199149;18.492460;,
        -2.134085;-3.374509;18.937710;,
         3.988866;-3.374517;18.937706;,
         3.183870;-4.199155;18.492462;,
         3.916718;-3.634186;18.175577;,
        -0.307664;-3.251969;22.989927;,
        -0.946394;-2.629575;22.995401;,
        -0.891629;-3.282969;22.133524;,
         2.746409;-3.282974;22.133524;,
         2.801172;-2.629581;22.995401;,
         2.162443;-3.251972;22.989927;,
         0.189409;-3.576712;14.791565;,
         0.927392;-3.602712;14.689125;,
         0.509649;-4.362750;15.441844;,
         1.345136;-4.362751;15.441845;,
         0.927392;-3.602712;14.689125;,
         1.665375;-3.576714;14.791570;,
         0.189409;-3.576712;14.791565;,
         0.509649;-4.362750;15.441844;,
         0.005929;-4.280960;15.600806;,
         1.848856;-4.280962;15.600805;,
         1.345136;-4.362751;15.441845;,
         1.665375;-3.576714;14.791570;,
         0.927392;-3.602712;14.689125;,
         0.927392;-4.497954;15.465533;,
         0.509649;-4.362750;15.441844;,
         1.345136;-4.362751;15.441845;,
         0.927392;-4.497954;15.465533;,
         0.927392;-3.602712;14.689125;,
         0.927394;-6.330603;18.041805;,
        -0.129176;-5.999327;18.061056;,
         0.440818;-5.574175;16.826870;,
         1.413968;-5.574175;16.826872;,
         1.983963;-5.999329;18.061056;,
         0.927394;-6.330603;18.041805;,
         0.927394;-6.330603;18.041805;,
         0.440818;-5.574175;16.826870;,
         0.927393;-5.646612;16.709049;,
         0.927393;-5.646612;16.709049;,
         1.413968;-5.574175;16.826872;,
         0.927394;-6.330603;18.041805;,
        -0.129176;-5.999327;18.061056;,
        -0.114964;-5.234866;16.725840;,
         0.440818;-5.574175;16.826870;,
         1.413968;-5.574175;16.826872;,
         1.969751;-5.234869;16.725838;,
         1.983963;-5.999329;18.061056;,
        -0.540066;-4.552695;16.531345;,
        -0.114964;-5.234866;16.725840;,
        -0.887371;-4.465943;16.807758;,
         2.742156;-4.465949;16.807756;,
         1.969751;-5.234869;16.725838;,
         2.394851;-4.552698;16.531347;,
         0.005929;-4.280960;15.600806;,
        -0.482936;-4.174030;15.989135;,
        -0.645081;-3.781455;15.798388;,
         2.499866;-3.781459;15.798392;,
         2.337721;-4.174034;15.989137;,
         1.848856;-4.280962;15.600805;,
        -0.063390;-4.153738;16.195320;,
        -0.482936;-4.174030;15.989135;,
         0.005929;-4.280960;15.600806;,
         0.248263;-4.219249;15.948003;,
         1.848856;-4.280962;15.600805;,
         2.337721;-4.174034;15.989137;,
         1.918174;-4.153741;16.195322;,
         1.606521;-4.219251;15.948003;,
         0.184757;-4.777236;16.601377;,
        -0.114964;-5.234866;16.725840;,
        -0.540066;-4.552695;16.531345;,
        -0.091058;-4.350374;16.526270;,
         2.394851;-4.552698;16.531347;,
         1.969751;-5.234869;16.725838;,
         1.670028;-4.777237;16.601377;,
         1.945842;-4.350375;16.526270;,
         0.005929;-4.280960;15.600806;,
         0.509649;-4.362750;15.441844;,
         0.608736;-4.298916;15.837695;,
         0.248263;-4.219249;15.948003;,
         1.246049;-4.298917;15.837693;,
         1.345136;-4.362751;15.441845;,
         1.848856;-4.280962;15.600805;,
         1.606521;-4.219251;15.948003;,
         0.509649;-4.362750;15.441844;,
         0.927392;-4.497954;15.465533;,
         0.927392;-4.364942;15.828742;,
         0.608736;-4.298916;15.837695;,
         0.927392;-4.364942;15.828742;,
         0.927392;-4.497954;15.465533;,
         1.345136;-4.362751;15.441845;,
         1.246049;-4.298917;15.837693;,
         0.440818;-5.574175;16.826870;,
        -0.114964;-5.234866;16.725840;,
         0.184757;-4.777236;16.601377;,
         0.568293;-5.020046;16.659317;,
         1.670028;-4.777237;16.601377;,
         1.969751;-5.234869;16.725838;,
         1.413968;-5.574175;16.826872;,
         1.286492;-5.020047;16.659315;,
         0.927393;-5.646612;16.709049;,
         0.440818;-5.574175;16.826870;,
         0.568293;-5.020046;16.659317;,
         0.927393;-5.086530;16.623161;,
         1.286492;-5.020047;16.659315;,
         1.413968;-5.574175;16.826872;,
         0.927393;-5.646612;16.709049;,
         0.927393;-5.086530;16.623161;,
         0.927391;-3.075577;17.299528;,
         0.927393;-5.086530;16.623161;,
         0.568293;-5.020046;16.659317;,
         0.297723;-2.915122;17.386784;,
         1.286492;-5.020047;16.659315;,
         0.927393;-5.086530;16.623161;,
         0.927391;-3.075577;17.299528;,
         1.557058;-2.915123;17.386784;,
         0.297723;-2.915122;17.386784;,
         0.568293;-5.020046;16.659317;,
         0.184757;-4.777236;16.601377;,
        -0.373052;-2.329093;17.246948;,
         1.670028;-4.777237;16.601377;,
         1.286492;-5.020047;16.659315;,
         1.557058;-2.915123;17.386784;,
         2.227832;-2.329096;17.246948;,
         0.368454;-1.174664;15.403787;,
         0.608736;-4.298916;15.837695;,
         0.927392;-4.364942;15.828742;,
         0.927390;-1.334019;15.382180;,
         0.927392;-4.364942;15.828742;,
         1.246049;-4.298917;15.837693;,
         1.486325;-1.174666;15.403786;,
         0.927390;-1.334019;15.382180;,
        -0.261984;-0.982387;15.670019;,
         0.248263;-4.219249;15.948003;,
         0.608736;-4.298916;15.837695;,
         0.368454;-1.174664;15.403787;,
         1.246049;-4.298917;15.837693;,
         1.606521;-4.219251;15.948003;,
         2.116762;-0.982390;15.670022;,
         1.486325;-1.174666;15.403786;,
        -0.063390;-4.153738;16.195320;,
         0.248263;-4.219249;15.948003;,
        -0.261984;-0.982387;15.670019;,
        -0.807041;-0.824277;16.266922;,
